solid ascii
  facet normal -1.000000e+000 6.623534e-017 1.025827e-016
    outer loop
      vertex   6.703817e-015 4.200000e+001 6.000000e+000
      vertex   6.088321e-015 4.200000e+001 0.000000e+000
      vertex   3.505143e-015 3.000000e+000 0.000000e+000
    endloop
  endfacet
  facet normal -1.000000e+000 -5.652535e-017 9.005271e-016
    outer loop
      vertex   3.505143e-015 3.000000e+000 0.000000e+000
      vertex   8.908306e-015 3.000000e+000 6.000000e+000
      vertex   6.703817e-015 4.200000e+001 6.000000e+000
    endloop
  endfacet
  facet normal -7.071068e-001 -7.071068e-001 1.996476e-016
    outer loop
      vertex   8.908306e-015 3.000000e+000 6.000000e+000
      vertex   3.000000e+000 2.168404e-016 0.000000e+000
      vertex   3.000000e+000 -1.518886e-015 6.000000e+000
    endloop
  endfacet
  facet normal -7.071068e-001 -7.071068e-001 1.730279e-015
    outer loop
      vertex   3.000000e+000 -1.518886e-015 6.000000e+000
      vertex   1.500000e+000 1.500000e+000 7.500000e+000
      vertex   8.908306e-015 3.000000e+000 6.000000e+000
    endloop
  endfacet
  facet normal -7.071068e-001 -7.071068e-001 -1.203183e-015
    outer loop
      vertex   8.908306e-015 3.000000e+000 6.000000e+000
      vertex   3.505143e-015 3.000000e+000 0.000000e+000
      vertex   3.000000e+000 2.168404e-016 0.000000e+000
    endloop
  endfacet
  facet normal 1.670575e-017 -1.000000e+000 -1.445603e-016
    outer loop
      vertex   4.200000e+001 0.000000e+000 0.000000e+000
      vertex   4.200000e+001 -8.673617e-016 6.000000e+000
      vertex   3.000000e+000 -1.518886e-015 6.000000e+000
    endloop
  endfacet
  facet normal -5.560011e-018 -1.000000e+000 -2.892877e-016
    outer loop
      vertex   3.000000e+000 -1.518886e-015 6.000000e+000
      vertex   3.000000e+000 2.168404e-016 0.000000e+000
      vertex   4.200000e+001 0.000000e+000 0.000000e+000
    endloop
  endfacet
  facet normal -4.991190e-017 -7.071068e-001 7.071068e-001
    outer loop
      vertex   1.500000e+000 1.500000e+000 7.500000e+000
      vertex   3.000000e+000 -1.518886e-015 6.000000e+000
      vertex   4.000000e+000 2.000000e+000 8.000000e+000
    endloop
  endfacet
  facet normal 1.535751e-017 -7.071068e-001 7.071068e-001
    outer loop
      vertex   4.000000e+000 2.000000e+000 8.000000e+000
      vertex   3.000000e+000 -1.518886e-015 6.000000e+000
      vertex   4.200000e+001 -8.673617e-016 6.000000e+000
    endloop
  endfacet
  facet normal 0.000000e+000 -7.071068e-001 7.071068e-001
    outer loop
      vertex   4.200000e+001 -8.673617e-016 6.000000e+000
      vertex   4.400000e+001 2.000000e+000 8.000000e+000
      vertex   4.000000e+000 2.000000e+000 8.000000e+000
    endloop
  endfacet
  facet normal -9.982379e-017 -7.071068e-001 7.071068e-001
    outer loop
      vertex   4.000000e+000 2.000000e+000 8.000000e+000
      vertex   3.000000e+000 3.000000e+000 9.000000e+000
      vertex   1.500000e+000 1.500000e+000 7.500000e+000
    endloop
  endfacet
  facet normal -7.071068e-001 -1.226635e-016 7.071068e-001
    outer loop
      vertex   2.000000e+000 4.000000e+000 8.000000e+000
      vertex   2.000000e+000 4.400000e+001 8.000000e+000
      vertex   6.703817e-015 4.200000e+001 6.000000e+000
    endloop
  endfacet
  facet normal -7.071068e-001 -3.743392e-016 7.071068e-001
    outer loop
      vertex   1.500000e+000 1.500000e+000 7.500000e+000
      vertex   3.000000e+000 3.000000e+000 9.000000e+000
      vertex   2.000000e+000 4.000000e+000 8.000000e+000
    endloop
  endfacet
  facet normal -7.071068e-001 -1.031512e-015 7.071068e-001
    outer loop
      vertex   2.000000e+000 4.000000e+000 8.000000e+000
      vertex   8.908306e-015 3.000000e+000 6.000000e+000
      vertex   1.500000e+000 1.500000e+000 7.500000e+000
    endloop
  endfacet
  facet normal -7.071068e-001 -2.424337e-017 7.071068e-001
    outer loop
      vertex   6.703817e-015 4.200000e+001 6.000000e+000
      vertex   8.908306e-015 3.000000e+000 6.000000e+000
      vertex   2.000000e+000 4.000000e+000 8.000000e+000
    endloop
  endfacet
  facet normal -7.071068e-001 -7.071068e-001 -5.989427e-016
    outer loop
      vertex   4.000000e+000 2.000000e+000 1.200000e+001
      vertex   2.000000e+000 4.000000e+000 1.200000e+001
      vertex   3.000000e+000 3.000000e+000 9.000000e+000
    endloop
  endfacet
  facet normal -7.071068e-001 -7.071068e-001 -5.366527e-016
    outer loop
      vertex   2.000000e+000 4.000000e+000 1.200000e+001
      vertex   2.000000e+000 4.000000e+000 8.000000e+000
      vertex   3.000000e+000 3.000000e+000 9.000000e+000
    endloop
  endfacet
  facet normal -7.071068e-001 -7.071068e-001 -4.492071e-016
    outer loop
      vertex   3.000000e+000 3.000000e+000 9.000000e+000
      vertex   4.000000e+000 2.000000e+000 8.000000e+000
      vertex   4.000000e+000 2.000000e+000 1.200000e+001
    endloop
  endfacet
  facet normal -1.000000e+000 -1.734723e-016 1.084202e-016
    outer loop
      vertex   2.000000e+000 4.000000e+000 1.200000e+001
      vertex   2.000000e+000 4.400000e+001 1.200000e+001
      vertex   2.000000e+000 4.400000e+001 8.000000e+000
    endloop
  endfacet
  facet normal -1.000000e+000 -1.734723e-016 1.084202e-016
    outer loop
      vertex   2.000000e+000 4.400000e+001 8.000000e+000
      vertex   2.000000e+000 4.000000e+000 8.000000e+000
      vertex   2.000000e+000 4.000000e+000 1.200000e+001
    endloop
  endfacet
  facet normal 0.000000e+000 -1.000000e+000 -8.673617e-016
    outer loop
      vertex   4.000000e+000 2.000000e+000 8.000000e+000
      vertex   4.400000e+001 2.000000e+000 8.000000e+000
      vertex   4.400000e+001 2.000000e+000 1.200000e+001
    endloop
  endfacet
  facet normal -0.000000e+000 -1.000000e+000 -8.673617e-016
    outer loop
      vertex   4.400000e+001 2.000000e+000 1.200000e+001
      vertex   4.000000e+000 2.000000e+000 1.200000e+001
      vertex   4.000000e+000 2.000000e+000 8.000000e+000
    endloop
  endfacet
  facet normal -7.071068e-001 7.071068e-001 1.533293e-016
    outer loop
      vertex   3.000000e+000 4.500000e+001 1.200000e+001
      vertex   3.000000e+000 4.500000e+001 0.000000e+000
      vertex   2.000000e+000 4.400000e+001 8.000000e+000
    endloop
  endfacet
  facet normal -7.071068e-001 7.071068e-001 6.654919e-017
    outer loop
      vertex   3.000000e+000 4.500000e+001 0.000000e+000
      vertex   6.088321e-015 4.200000e+001 0.000000e+000
      vertex   6.703817e-015 4.200000e+001 6.000000e+000
    endloop
  endfacet
  facet normal -7.071068e-001 7.071068e-001 2.329222e-016
    outer loop
      vertex   6.703817e-015 4.200000e+001 6.000000e+000
      vertex   2.000000e+000 4.400000e+001 8.000000e+000
      vertex   3.000000e+000 4.500000e+001 0.000000e+000
    endloop
  endfacet
  facet normal -7.071068e-001 7.071068e-001 7.666467e-017
    outer loop
      vertex   2.000000e+000 4.400000e+001 8.000000e+000
      vertex   2.000000e+000 4.400000e+001 1.200000e+001
      vertex   3.000000e+000 4.500000e+001 1.200000e+001
    endloop
  endfacet
  facet normal 7.071068e-001 -7.071068e-001 2.994714e-016
    outer loop
      vertex   4.500000e+001 3.000000e+000 0.000000e+000
      vertex   4.400000e+001 2.000000e+000 8.000000e+000
      vertex   4.200000e+001 -8.673617e-016 6.000000e+000
    endloop
  endfacet
  facet normal 7.071068e-001 -7.071068e-001 6.363767e-016
    outer loop
      vertex   4.500000e+001 3.000000e+000 1.200000e+001
      vertex   4.400000e+001 2.000000e+000 1.200000e+001
      vertex   4.400000e+001 2.000000e+000 8.000000e+000
    endloop
  endfacet
  facet normal 7.071068e-001 -7.071068e-001 1.497357e-016
    outer loop
      vertex   4.400000e+001 2.000000e+000 8.000000e+000
      vertex   4.500000e+001 3.000000e+000 0.000000e+000
      vertex   4.500000e+001 3.000000e+000 1.200000e+001
    endloop
  endfacet
  facet normal 7.071068e-001 -7.071068e-001 -1.022196e-016
    outer loop
      vertex   4.200000e+001 -8.673617e-016 6.000000e+000
      vertex   4.200000e+001 0.000000e+000 0.000000e+000
      vertex   4.500000e+001 3.000000e+000 0.000000e+000
    endloop
  endfacet
  facet normal 0.000000e+000 9.376884e-016 1.000000e+000
    outer loop
      vertex   3.850000e+000 3.850000e+000 1.200000e+001
      vertex   4.000000e+000 2.000000e+000 1.200000e+001
      vertex   4.400000e+001 2.000000e+000 1.200000e+001
    endloop
  endfacet
  facet normal 9.376884e-016 1.482348e-031 1.000000e+000
    outer loop
      vertex   3.850000e+000 3.850000e+000 1.200000e+001
      vertex   3.850000e+000 4.500000e+001 1.200000e+001
      vertex   2.000000e+000 4.400000e+001 1.200000e+001
    endloop
  endfacet
  facet normal -7.905857e-032 9.376884e-016 1.000000e+000
    outer loop
      vertex   4.400000e+001 2.000000e+000 1.200000e+001
      vertex   4.500000e+001 3.850000e+000 1.200000e+001
      vertex   3.850000e+000 3.850000e+000 1.200000e+001
    endloop
  endfacet
  facet normal 2.040851e-015 -2.040851e-015 1.000000e+000
    outer loop
      vertex   3.850000e+000 4.500000e+001 1.200000e+001
      vertex   3.000000e+000 4.500000e+001 1.200000e+001
      vertex   2.000000e+000 4.400000e+001 1.200000e+001
    endloop
  endfacet
  facet normal -2.040851e-015 2.040851e-015 1.000000e+000
    outer loop
      vertex   4.400000e+001 2.000000e+000 1.200000e+001
      vertex   4.500000e+001 3.000000e+000 1.200000e+001
      vertex   4.500000e+001 3.850000e+000 1.200000e+001
    endloop
  endfacet
  facet normal 1.020426e-015 1.020426e-015 1.000000e+000
    outer loop
      vertex   3.850000e+000 3.850000e+000 1.200000e+001
      vertex   2.000000e+000 4.000000e+000 1.200000e+001
      vertex   4.000000e+000 2.000000e+000 1.200000e+001
    endloop
  endfacet
  facet normal 9.376884e-016 1.626630e-031 1.000000e+000
    outer loop
      vertex   2.000000e+000 4.400000e+001 1.200000e+001
      vertex   2.000000e+000 4.000000e+000 1.200000e+001
      vertex   3.850000e+000 3.850000e+000 1.200000e+001
    endloop
  endfacet
  facet normal 1.000000e+000 1.580854e-016 0.000000e+000
    outer loop
      vertex   3.850000e+000 3.850000e+000 5.000000e+000
      vertex   3.850000e+000 4.500000e+001 5.000000e+000
      vertex   3.850000e+000 4.500000e+001 1.200000e+001
    endloop
  endfacet
  facet normal 1.000000e+000 1.580854e-016 0.000000e+000
    outer loop
      vertex   3.850000e+000 4.500000e+001 1.200000e+001
      vertex   3.850000e+000 3.850000e+000 1.200000e+001
      vertex   3.850000e+000 3.850000e+000 5.000000e+000
    endloop
  endfacet
  facet normal -8.431220e-017 1.000000e+000 0.000000e+000
    outer loop
      vertex   3.850000e+000 3.850000e+000 1.200000e+001
      vertex   4.500000e+001 3.850000e+000 1.200000e+001
      vertex   4.500000e+001 3.850000e+000 5.000000e+000
    endloop
  endfacet
  facet normal -8.431220e-017 1.000000e+000 0.000000e+000
    outer loop
      vertex   4.500000e+001 3.850000e+000 5.000000e+000
      vertex   3.850000e+000 3.850000e+000 5.000000e+000
      vertex   3.850000e+000 3.850000e+000 1.200000e+001
    endloop
  endfacet
  facet normal 1.000000e+000 0.000000e+000 0.000000e+000
    outer loop
      vertex   4.500000e+001 3.000000e+000 1.200000e+001
      vertex   4.500000e+001 3.000000e+000 0.000000e+000
      vertex   4.500000e+001 3.850000e+000 5.000000e+000
    endloop
  endfacet
  facet normal 1.000000e+000 0.000000e+000 0.000000e+000
    outer loop
      vertex   4.500000e+001 3.000000e+000 0.000000e+000
      vertex   4.500000e+001 9.000000e+000 0.000000e+000
      vertex   4.500000e+001 8.150000e+000 5.000000e+000
    endloop
  endfacet
  facet normal 1.000000e+000 0.000000e+000 0.000000e+000
    outer loop
      vertex   4.500000e+001 8.150000e+000 5.000000e+000
      vertex   4.500000e+001 3.850000e+000 5.000000e+000
      vertex   4.500000e+001 3.000000e+000 0.000000e+000
    endloop
  endfacet
  facet normal 1.000000e+000 -1.632681e-014 0.000000e+000
    outer loop
      vertex   4.500000e+001 9.000000e+000 1.200000e+001
      vertex   4.500000e+001 8.150000e+000 1.200000e+001
      vertex   4.500000e+001 8.150000e+000 5.000000e+000
    endloop
  endfacet
  facet normal 1.000000e+000 -6.802837e-015 -1.156482e-015
    outer loop
      vertex   4.500000e+001 8.150000e+000 5.000000e+000
      vertex   4.500000e+001 9.000000e+000 0.000000e+000
      vertex   4.500000e+001 9.000000e+000 1.200000e+001
    endloop
  endfacet
  facet normal 1.000000e+000 0.000000e+000 -0.000000e+000
    outer loop
      vertex   4.500000e+001 3.850000e+000 5.000000e+000
      vertex   4.500000e+001 3.850000e+000 1.200000e+001
      vertex   4.500000e+001 3.000000e+000 1.200000e+001
    endloop
  endfacet
  facet normal 1.493306e-016 -1.000000e+000 0.000000e+000
    outer loop
      vertex   1.015000e+001 8.150000e+000 5.000000e+000
      vertex   4.500000e+001 8.150000e+000 5.000000e+000
      vertex   4.500000e+001 8.150000e+000 1.200000e+001
    endloop
  endfacet
  facet normal 1.493306e-016 -1.000000e+000 0.000000e+000
    outer loop
      vertex   4.500000e+001 8.150000e+000 1.200000e+001
      vertex   1.015000e+001 8.150000e+000 1.200000e+001
      vertex   1.015000e+001 8.150000e+000 5.000000e+000
    endloop
  endfacet
  facet normal 0.000000e+000 0.000000e+000 1.000000e+000
    outer loop
      vertex   3.850000e+000 4.500000e+001 5.000000e+000
      vertex   3.850000e+000 3.850000e+000 5.000000e+000
      vertex   8.150000e+000 1.015000e+001 5.000000e+000
    endloop
  endfacet
  facet normal 0.000000e+000 0.000000e+000 1.000000e+000
    outer loop
      vertex   3.850000e+000 3.850000e+000 5.000000e+000
      vertex   1.015000e+001 8.150000e+000 5.000000e+000
      vertex   8.150000e+000 1.015000e+001 5.000000e+000
    endloop
  endfacet
  facet normal 0.000000e+000 -0.000000e+000 1.000000e+000
    outer loop
      vertex   4.500000e+001 3.850000e+000 5.000000e+000
      vertex   4.500000e+001 8.150000e+000 5.000000e+000
      vertex   1.015000e+001 8.150000e+000 5.000000e+000
    endloop
  endfacet
  facet normal 0.000000e+000 0.000000e+000 1.000000e+000
    outer loop
      vertex   1.015000e+001 8.150000e+000 5.000000e+000
      vertex   3.850000e+000 3.850000e+000 5.000000e+000
      vertex   4.500000e+001 3.850000e+000 5.000000e+000
    endloop
  endfacet
  facet normal 0.000000e+000 0.000000e+000 1.000000e+000
    outer loop
      vertex   8.150000e+000 1.015000e+001 5.000000e+000
      vertex   8.150000e+000 4.500000e+001 5.000000e+000
      vertex   3.850000e+000 4.500000e+001 5.000000e+000
    endloop
  endfacet
  facet normal -1.000000e+000 -1.991074e-016 -0.000000e+000
    outer loop
      vertex   8.150000e+000 4.500000e+001 1.200000e+001
      vertex   8.150000e+000 4.500000e+001 5.000000e+000
      vertex   8.150000e+000 1.015000e+001 5.000000e+000
    endloop
  endfacet
  facet normal -1.000000e+000 -1.991074e-016 -1.480270e-031
    outer loop
      vertex   8.150000e+000 1.015000e+001 5.000000e+000
      vertex   8.150000e+000 1.015000e+001 1.200000e+001
      vertex   8.150000e+000 4.500000e+001 1.200000e+001
    endloop
  endfacet
  facet normal -7.071068e-001 -7.071068e-001 0.000000e+000
    outer loop
      vertex   8.150000e+000 1.015000e+001 5.000000e+000
      vertex   1.015000e+001 8.150000e+000 5.000000e+000
      vertex   1.015000e+001 8.150000e+000 1.200000e+001
    endloop
  endfacet
  facet normal -7.071068e-001 -7.071068e-001 -5.561611e-016
    outer loop
      vertex   1.015000e+001 8.150000e+000 1.200000e+001
      vertex   8.150000e+000 1.015000e+001 1.200000e+001
      vertex   8.150000e+000 1.015000e+001 5.000000e+000
    endloop
  endfacet
  facet normal 0.000000e+000 1.000000e+000 0.000000e+000
    outer loop
      vertex   9.000000e+000 4.500000e+001 1.200000e+001
      vertex   9.000000e+000 4.500000e+001 0.000000e+000
      vertex   8.150000e+000 4.500000e+001 5.000000e+000
    endloop
  endfacet
  facet normal 0.000000e+000 1.000000e+000 0.000000e+000
    outer loop
      vertex   3.000000e+000 4.500000e+001 0.000000e+000
      vertex   3.850000e+000 4.500000e+001 5.000000e+000
      vertex   8.150000e+000 4.500000e+001 5.000000e+000
    endloop
  endfacet
  facet normal 0.000000e+000 1.000000e+000 0.000000e+000
    outer loop
      vertex   8.150000e+000 4.500000e+001 5.000000e+000
      vertex   9.000000e+000 4.500000e+001 0.000000e+000
      vertex   3.000000e+000 4.500000e+001 0.000000e+000
    endloop
  endfacet
  facet normal 0.000000e+000 1.000000e+000 0.000000e+000
    outer loop
      vertex   3.000000e+000 4.500000e+001 1.200000e+001
      vertex   3.850000e+000 4.500000e+001 1.200000e+001
      vertex   3.850000e+000 4.500000e+001 5.000000e+000
    endloop
  endfacet
  facet normal 0.000000e+000 1.000000e+000 0.000000e+000
    outer loop
      vertex   3.850000e+000 4.500000e+001 5.000000e+000
      vertex   3.000000e+000 4.500000e+001 0.000000e+000
      vertex   3.000000e+000 4.500000e+001 1.200000e+001
    endloop
  endfacet
  facet normal 0.000000e+000 1.000000e+000 0.000000e+000
    outer loop
      vertex   8.150000e+000 4.500000e+001 5.000000e+000
      vertex   8.150000e+000 4.500000e+001 1.200000e+001
      vertex   9.000000e+000 4.500000e+001 1.200000e+001
    endloop
  endfacet
  facet normal 0.000000e+000 0.000000e+000 -1.000000e+000
    outer loop
      vertex   1.200000e+001 4.200000e+001 0.000000e+000
      vertex   6.088321e-015 4.200000e+001 0.000000e+000
      vertex   3.000000e+000 4.500000e+001 0.000000e+000
    endloop
  endfacet
  facet normal 0.000000e+000 0.000000e+000 -1.000000e+000
    outer loop
      vertex   6.088321e-015 4.200000e+001 0.000000e+000
      vertex   1.200000e+001 4.200000e+001 0.000000e+000
      vertex   1.200000e+001 1.400000e+001 0.000000e+000
    endloop
  endfacet
  facet normal 0.000000e+000 0.000000e+000 -1.000000e+000
    outer loop
      vertex   4.200000e+001 0.000000e+000 0.000000e+000
      vertex   3.000000e+000 2.168404e-016 0.000000e+000
      vertex   1.400000e+001 1.200000e+001 0.000000e+000
    endloop
  endfacet
  facet normal 0.000000e+000 0.000000e+000 -1.000000e+000
    outer loop
      vertex   4.200000e+001 0.000000e+000 0.000000e+000
      vertex   4.200000e+001 1.200000e+001 0.000000e+000
      vertex   4.500000e+001 9.000000e+000 0.000000e+000
    endloop
  endfacet
  facet normal 0.000000e+000 0.000000e+000 -1.000000e+000
    outer loop
      vertex   3.505143e-015 3.000000e+000 0.000000e+000
      vertex   1.200000e+001 1.400000e+001 0.000000e+000
      vertex   1.400000e+001 1.200000e+001 0.000000e+000
    endloop
  endfacet
  facet normal -0.000000e+000 0.000000e+000 -1.000000e+000
    outer loop
      vertex   1.200000e+001 1.400000e+001 0.000000e+000
      vertex   3.505143e-015 3.000000e+000 0.000000e+000
      vertex   6.088321e-015 4.200000e+001 0.000000e+000
    endloop
  endfacet
  facet normal 0.000000e+000 -0.000000e+000 -1.000000e+000
    outer loop
      vertex   4.500000e+001 9.000000e+000 0.000000e+000
      vertex   4.500000e+001 3.000000e+000 0.000000e+000
      vertex   4.200000e+001 0.000000e+000 0.000000e+000
    endloop
  endfacet
  facet normal 0.000000e+000 0.000000e+000 -1.000000e+000
    outer loop
      vertex   3.000000e+000 4.500000e+001 0.000000e+000
      vertex   9.000000e+000 4.500000e+001 0.000000e+000
      vertex   1.200000e+001 4.200000e+001 0.000000e+000
    endloop
  endfacet
  facet normal 0.000000e+000 0.000000e+000 -1.000000e+000
    outer loop
      vertex   1.400000e+001 1.200000e+001 0.000000e+000
      vertex   3.000000e+000 2.168404e-016 0.000000e+000
      vertex   3.505143e-015 3.000000e+000 0.000000e+000
    endloop
  endfacet
  facet normal 0.000000e+000 0.000000e+000 -1.000000e+000
    outer loop
      vertex   1.400000e+001 1.200000e+001 0.000000e+000
      vertex   4.200000e+001 1.200000e+001 0.000000e+000
      vertex   4.200000e+001 0.000000e+000 0.000000e+000
    endloop
  endfacet
  facet normal -1.239088e-016 1.000000e+000 0.000000e+000
    outer loop
      vertex   1.400000e+001 1.200000e+001 6.000000e+000
      vertex   4.200000e+001 1.200000e+001 6.000000e+000
      vertex   4.200000e+001 1.200000e+001 0.000000e+000
    endloop
  endfacet
  facet normal -1.239088e-016 1.000000e+000 0.000000e+000
    outer loop
      vertex   4.200000e+001 1.200000e+001 0.000000e+000
      vertex   1.400000e+001 1.200000e+001 0.000000e+000
      vertex   1.400000e+001 1.200000e+001 6.000000e+000
    endloop
  endfacet
  facet normal 7.071068e-001 7.071068e-001 1.022196e-016
    outer loop
      vertex   4.500000e+001 9.000000e+000 1.200000e+001
      vertex   4.500000e+001 9.000000e+000 0.000000e+000
      vertex   4.400000e+001 1.000000e+001 8.000000e+000
    endloop
  endfacet
  facet normal 7.071068e-001 7.071068e-001 0.000000e+000
    outer loop
      vertex   4.500000e+001 9.000000e+000 0.000000e+000
      vertex   4.200000e+001 1.200000e+001 0.000000e+000
      vertex   4.200000e+001 1.200000e+001 6.000000e+000
    endloop
  endfacet
  facet normal 7.071068e-001 7.071068e-001 -6.654919e-017
    outer loop
      vertex   4.200000e+001 1.200000e+001 6.000000e+000
      vertex   4.400000e+001 1.000000e+001 8.000000e+000
      vertex   4.500000e+001 9.000000e+000 0.000000e+000
    endloop
  endfacet
  facet normal 7.071068e-001 7.071068e-001 -0.000000e+000
    outer loop
      vertex   4.400000e+001 1.000000e+001 8.000000e+000
      vertex   4.400000e+001 1.000000e+001 1.200000e+001
      vertex   4.500000e+001 9.000000e+000 1.200000e+001
    endloop
  endfacet
  facet normal 7.071068e-001 7.071068e-001 -1.197885e-016
    outer loop
      vertex   1.400000e+001 1.200000e+001 0.000000e+000
      vertex   1.200000e+001 1.400000e+001 0.000000e+000
      vertex   1.300000e+001 1.300000e+001 5.000000e+000
    endloop
  endfacet
  facet normal 7.071068e-001 7.071068e-001 -0.000000e+000
    outer loop
      vertex   1.200000e+001 1.400000e+001 0.000000e+000
      vertex   1.200000e+001 1.400000e+001 6.000000e+000
      vertex   1.300000e+001 1.300000e+001 5.000000e+000
    endloop
  endfacet
  facet normal 7.071068e-001 7.071068e-001 0.000000e+000
    outer loop
      vertex   1.300000e+001 1.300000e+001 5.000000e+000
      vertex   1.400000e+001 1.200000e+001 6.000000e+000
      vertex   1.400000e+001 1.200000e+001 0.000000e+000
    endloop
  endfacet
  facet normal 1.000000e+000 -4.336809e-016 0.000000e+000
    outer loop
      vertex   1.200000e+001 1.400000e+001 6.000000e+000
      vertex   1.200000e+001 1.400000e+001 0.000000e+000
      vertex   1.200000e+001 4.200000e+001 0.000000e+000
    endloop
  endfacet
  facet normal 1.000000e+000 -3.097720e-016 5.782412e-016
    outer loop
      vertex   1.200000e+001 4.200000e+001 0.000000e+000
      vertex   1.200000e+001 4.200000e+001 6.000000e+000
      vertex   1.200000e+001 1.400000e+001 6.000000e+000
    endloop
  endfacet
  facet normal 0.000000e+000 7.071068e-001 7.071068e-001
    outer loop
      vertex   1.100000e+001 1.100000e+001 7.000000e+000
      vertex   1.200000e+001 1.000000e+001 8.000000e+000
      vertex   1.400000e+001 1.200000e+001 6.000000e+000
    endloop
  endfacet
  facet normal -8.556325e-017 7.071068e-001 7.071068e-001
    outer loop
      vertex   4.400000e+001 1.000000e+001 8.000000e+000
      vertex   4.200000e+001 1.200000e+001 6.000000e+000
      vertex   1.400000e+001 1.200000e+001 6.000000e+000
    endloop
  endfacet
  facet normal -7.486784e-017 7.071068e-001 7.071068e-001
    outer loop
      vertex   1.400000e+001 1.200000e+001 6.000000e+000
      vertex   1.200000e+001 1.000000e+001 8.000000e+000
      vertex   4.400000e+001 1.000000e+001 8.000000e+000
    endloop
  endfacet
  facet normal 0.000000e+000 7.071068e-001 7.071068e-001
    outer loop
      vertex   1.400000e+001 1.200000e+001 6.000000e+000
      vertex   1.300000e+001 1.300000e+001 5.000000e+000
      vertex   1.100000e+001 1.100000e+001 7.000000e+000
    endloop
  endfacet
  facet normal -1.084202e-016 1.000000e+000 0.000000e+000
    outer loop
      vertex   1.200000e+001 1.000000e+001 1.200000e+001
      vertex   4.400000e+001 1.000000e+001 1.200000e+001
      vertex   4.400000e+001 1.000000e+001 8.000000e+000
    endloop
  endfacet
  facet normal -1.084202e-016 1.000000e+000 0.000000e+000
    outer loop
      vertex   4.400000e+001 1.000000e+001 8.000000e+000
      vertex   1.200000e+001 1.000000e+001 8.000000e+000
      vertex   1.200000e+001 1.000000e+001 1.200000e+001
    endloop
  endfacet
  facet normal -9.376884e-016 0.000000e+000 1.000000e+000
    outer loop
      vertex   8.150000e+000 4.500000e+001 1.200000e+001
      vertex   1.000000e+001 1.200000e+001 1.200000e+001
      vertex   1.000000e+001 4.400000e+001 1.200000e+001
    endloop
  endfacet
  facet normal -4.977686e-017 4.977686e-017 1.000000e+000
    outer loop
      vertex   8.150000e+000 4.500000e+001 1.200000e+001
      vertex   8.150000e+000 1.015000e+001 1.200000e+001
      vertex   1.000000e+001 1.200000e+001 1.200000e+001
    endloop
  endfacet
  facet normal 0.000000e+000 0.000000e+000 1.000000e+000
    outer loop
      vertex   1.200000e+001 1.000000e+001 1.200000e+001
      vertex   1.000000e+001 1.200000e+001 1.200000e+001
      vertex   8.150000e+000 1.015000e+001 1.200000e+001
    endloop
  endfacet
  facet normal 1.016644e-031 -9.376884e-016 1.000000e+000
    outer loop
      vertex   4.500000e+001 8.150000e+000 1.200000e+001
      vertex   4.400000e+001 1.000000e+001 1.200000e+001
      vertex   1.200000e+001 1.000000e+001 1.200000e+001
    endloop
  endfacet
  facet normal -3.516331e-017 -9.025251e-016 1.000000e+000
    outer loop
      vertex   8.150000e+000 1.015000e+001 1.200000e+001
      vertex   1.015000e+001 8.150000e+000 1.200000e+001
      vertex   1.200000e+001 1.000000e+001 1.200000e+001
    endloop
  endfacet
  facet normal -2.040851e-015 -2.040851e-015 1.000000e+000
    outer loop
      vertex   4.500000e+001 8.150000e+000 1.200000e+001
      vertex   4.500000e+001 9.000000e+000 1.200000e+001
      vertex   4.400000e+001 1.000000e+001 1.200000e+001
    endloop
  endfacet
  facet normal 1.400255e-031 -9.376884e-016 1.000000e+000
    outer loop
      vertex   1.200000e+001 1.000000e+001 1.200000e+001
      vertex   1.015000e+001 8.150000e+000 1.200000e+001
      vertex   4.500000e+001 8.150000e+000 1.200000e+001
    endloop
  endfacet
  facet normal -2.040851e-015 -2.040851e-015 1.000000e+000
    outer loop
      vertex   1.000000e+001 4.400000e+001 1.200000e+001
      vertex   9.000000e+000 4.500000e+001 1.200000e+001
      vertex   8.150000e+000 4.500000e+001 1.200000e+001
    endloop
  endfacet
  facet normal 7.071068e-001 0.000000e+000 7.071068e-001
    outer loop
      vertex   1.000000e+001 4.400000e+001 8.000000e+000
      vertex   1.000000e+001 1.200000e+001 8.000000e+000
      vertex   1.200000e+001 1.400000e+001 6.000000e+000
    endloop
  endfacet
  facet normal 7.071068e-001 -1.272753e-015 7.071068e-001
    outer loop
      vertex   1.100000e+001 1.100000e+001 7.000000e+000
      vertex   1.300000e+001 1.300000e+001 5.000000e+000
      vertex   1.200000e+001 1.400000e+001 6.000000e+000
    endloop
  endfacet
  facet normal 7.071068e-001 -5.989427e-016 7.071068e-001
    outer loop
      vertex   1.200000e+001 1.400000e+001 6.000000e+000
      vertex   1.000000e+001 1.200000e+001 8.000000e+000
      vertex   1.100000e+001 1.100000e+001 7.000000e+000
    endloop
  endfacet
  facet normal 7.071068e-001 -1.095210e-016 7.071068e-001
    outer loop
      vertex   1.200000e+001 1.400000e+001 6.000000e+000
      vertex   1.200000e+001 4.200000e+001 6.000000e+000
      vertex   1.000000e+001 4.400000e+001 8.000000e+000
    endloop
  endfacet
  facet normal 7.071068e-001 7.071068e-001 4.159325e-016
    outer loop
      vertex   9.000000e+000 4.500000e+001 0.000000e+000
      vertex   1.000000e+001 4.400000e+001 8.000000e+000
      vertex   1.200000e+001 4.200000e+001 6.000000e+000
    endloop
  endfacet
  facet normal 7.071068e-001 7.071068e-001 0.000000e+000
    outer loop
      vertex   9.000000e+000 4.500000e+001 1.200000e+001
      vertex   1.000000e+001 4.400000e+001 1.200000e+001
      vertex   1.000000e+001 4.400000e+001 8.000000e+000
    endloop
  endfacet
  facet normal 7.071068e-001 7.071068e-001 -9.982379e-017
    outer loop
      vertex   1.000000e+001 4.400000e+001 8.000000e+000
      vertex   9.000000e+000 4.500000e+001 0.000000e+000
      vertex   9.000000e+000 4.500000e+001 1.200000e+001
    endloop
  endfacet
  facet normal 7.071068e-001 7.071068e-001 -4.088782e-016
    outer loop
      vertex   1.200000e+001 4.200000e+001 6.000000e+000
      vertex   1.200000e+001 4.200000e+001 0.000000e+000
      vertex   9.000000e+000 4.500000e+001 0.000000e+000
    endloop
  endfacet
  facet normal 7.071068e-001 7.071068e-001 0.000000e+000
    outer loop
      vertex   1.000000e+001 1.200000e+001 1.200000e+001
      vertex   1.200000e+001 1.000000e+001 1.200000e+001
      vertex   1.200000e+001 1.000000e+001 8.000000e+000
    endloop
  endfacet
  facet normal 7.071068e-001 7.071068e-001 0.000000e+000
    outer loop
      vertex   1.200000e+001 1.000000e+001 8.000000e+000
      vertex   1.100000e+001 1.100000e+001 7.000000e+000
      vertex   1.000000e+001 1.200000e+001 8.000000e+000
    endloop
  endfacet
  facet normal 7.071068e-001 7.071068e-001 2.994714e-016
    outer loop
      vertex   1.200000e+001 1.000000e+001 8.000000e+000
      vertex   1.000000e+001 1.200000e+001 8.000000e+000
      vertex   1.000000e+001 1.200000e+001 1.200000e+001
    endloop
  endfacet
  facet normal 1.000000e+000 0.000000e+000 0.000000e+000
    outer loop
      vertex   1.000000e+001 4.400000e+001 1.200000e+001
      vertex   1.000000e+001 1.200000e+001 1.200000e+001
      vertex   1.000000e+001 1.200000e+001 8.000000e+000
    endloop
  endfacet
  facet normal 1.000000e+000 0.000000e+000 0.000000e+000
    outer loop
      vertex   1.000000e+001 1.200000e+001 8.000000e+000
      vertex   1.000000e+001 4.400000e+001 8.000000e+000
      vertex   1.000000e+001 4.400000e+001 1.200000e+001
    endloop
  endfacet
endsolid
